1634632538148623811
1634632734885043080
1634632786969010234
1634633944140005080
1634634100436077097
1634634116622005700
1634634148531082023
1634635391003432830
1634635453834388992
1634635546588720120
1634636360582820514
1634638377262797299
1634638385403176812
1634638393642441655
1634640253232237133
1634724435711244692
1634724444765035911
1634726103699243217
1634726156761650448
1634726268487026182
1634726318412206423
1634726393856906020
1634757721734331943
1634798917286052174
1634800251959828274
1634807720988854837
1634813285131239327
1634846262821631890
1634846473081559664
1634846483074696283
1634846607737746999
1634846617719441879
1634884980678979840
1634885263966170721
1634885290668426989
1634885337810386252
1634885414400642041
1634885447115196539
1634885803657602757
1634888292506698462
1634998965268473660
1634999161401091432
1634999241732299119
1634999276175381030
1634999302619854881
1634999320585024721
1635012529241362932
1635012554892685932
1635012635145243594
1635069827490093510
1635071136506396682
1635071142836816658
1635071151239223531
1635071175053169346
1635071220075362031
1635071396959061816
1635071424592485351
1635071651887713389
1635072323391849305
1635072359132545717
1635079951405380205
1635169651041264208
1635264569599471601
1635264627412021005
1635266024793786990
1635266065512168106
1635277094066669103
1635318739240828346
1635318783002931379
1635318815450226978
1635318830761358140
1635318859487300005
1635321224289314945
1635321261596162125
1635321279358425973
1635321295729808586
1635321317223388505
1635321412264777498
1635321847717957378
1635322044214185653
1635322074008969298
1635322093484435156
1635322510484481254
1635776244134075297
1635776530607995292
1635777798067075038
1635777832920154193
1635777934802821935
1635783197935225216
1635783577744488486
1635783620825276763
1635783691453906153
1635783749768096530
1635783960925577119
1635784184062702911
1635784262504476195
1635784461410899395
1635784519254162859
1635784572664242304
1635784718759092225
1635784891168664411
1635785126353989040
1635785200159601596
1635785375811596720
1635785557757782191
1635785603243330929
1635785636714843513
1635785670277848840
1635785721107312334
1635786874592086962
1635802286550439986
1635802449368133188
1635802584342907148
1635803320029358481
1635803375223775070
1635803412778007979
1635803534862960871
1635838596254355881
1635838843656802882
1635839033437867077
1635839612243861446
1635840494389511214
1635842977598575639
1635886745289551379
1635887049139857262
1635887389282016771
1635887852872861800
1635951709370734902
1635951935949190805
1635951943353383787
1635952207206518259
1635952421890882112
1636019130390475845
1636019165977461871
1636019207295751384
1636019240409555128
1636019259623510131
1636019303038562248
1636019323730273698
1636019410874545576
1636030029430183431
1636033558386084013
1636033714888787981
1636035413082062190
1636040259354054027
1636040304217378196
1636040331799245860
1636040450007551128
1636040578089452010
1636040673943676766
1636040714831068685
1636040788106210780
1636040940733133293
1636043013108841966
1636043043666767576
1636043102738410886
1636058847312325856
1636058883321906656
1636059144826074883
1636059180238353319
1636059262955801210
1636059447490258066
1636059599377998115
1636059980480492582
1636060045790647371
1636060094930979957
1636060240837172287
1636062286221651845
1636063027555013412
1636063345504569809
1636063602455838529
1636105176579689451
1636105369733102737
1636106500483369682
1636106535505054720
1636106693852822406
1636106724321405233
1636106802438278857
1636107233375865953
1636107277922047705
1636107622434264292
1636108436424008154
1636109068901212995
1636109132070259832
1636109144677579148
1636109173305340836
1636109190984690403
1636110346505682463
1636110588798236289
1636111047185750826
1636111151166047702
1636710430252540581
1636710687722858030
1636711124227911470
1636711695505809856
1636711745127410650
1636711787795787553
1636711823556084045
1636712148787843344
1636712230698296945
1636712246420149069
1636712326006191532
1636712423374018288
1636712494148615300
1636712510053280348
1636712538866571232
1636712706755133160
1636712757080342639
1636712928230981367
1636712965382830812
1636713042623913266
1636713059171612745
1636713122496866614
1636713371106265793
1636713390911219632
1636713412213127103
1636713459079461741
1636713507172876288
1636713533255562608
1636713560523948301
1636713615452341988
1636713648014960378
1636713680332202461
1636713703530237915
1636713730887841897
1636725887382068621
1636725909224951432
1636725931487192597
1636726134344315282
1636726233256049089
1636726302090331813
1636726340846412028
1636726377319018069
1636726412506775343
1636726424492057614
1636726434187862939
1636726440555884046
1636726446299099538
1636726452615147956
1636726702698754940
1636726731508952188
1636726738964203641
1636726746233442787
1636726754057608480
1636726772877633652
1636726781702192556
1636726787824915479
1636726794157793529
1636726801543098217
1636965445556359300
1637247019478420939
1637247116345004418
1637581123162774646
1637581148521880591
1637581478726024409
1637581740469936717
1637581814347334182
1637581866079047418
1637583553035307636
1637583790848000858
1637583935475904389
1637583989986966603
1637584057203882311
1637584121052900346
1637584181145010429
1637584608138110683
1637584688456162714
1637585161205642448
1637585179638867046
1637585896674918644
1637586360547164204
1637586360547164204
1637586360547164204
1637586360547164204
1637586360547164204
1637586360547164204
1637586995860064776
1637587091703556967
1637587154075711850
1637587296593350112
1637590424927489803
1637590622700876391
1637590673953808496
1637590774201729040
1637591090281957205
1638204354492346328
1638204423268544201
1638259066661393965
1638259206639457634
1638259266224550379
1638259302238184216
1638259753052576063
1638260061907195796
1638260186832148085
1638260208215999003
1638260288720120471
1638260341492361260
1638260529099930738
1638260618027686173
1638260738013911841
1638260781555681772
1638260812383681543
1638268097838429594
1638268847707098213
1638268911520015553
1638273889831654609
1638273990055559876
1638274023927770316
1638274342962347104
1638274385880087733
1638274894608018818
1638276162936185818
1638276651833233477
1638276690318744684
1638277438309717136
1638277553062766232
1638278212374545097
1638278417390181250
1638278639492010000
1638279335016740178
1638279357735417427
1638279395223248295
1638279417444666991
1638279496802593378
1641973380570365237
1641973492260402862
1641973541239333455
1641973609130675572
1641973685126256447
1641973724850612028
1641973778459340944
1641981602047784898
